100
67 36 98 44 54 72 95 79 38 56 19 87 61 47 83 55 86 23 18 10 1 91 69 96 65 90 21 70 57 46 94 39 75 5 74 32 22 12
33 6 45 57 90 2 75 80 77 78 41 28 47 21 40 94 73 5 27 10 85 22 48 16 71 54 31 83 74 4 88 59 32 13 96 36 66 23 58 14 56 92 15 86 67 65 37 19 0 20 34 9
98 94 61 29 60 92 17 32 67 5 56 41 45 86 72 6 96 26 31 95 76 42 99 13 3 10 63 1 21 4 77 34 44 83 33 35 69 47 82 40 16 52
47 9 43 80 21 31 57 36 20 8 91 1 84 39 7 5 24 59 86 25 44 74 51 71 27 97 89 13 61 0 93 26 65 83 63 78 85 45 14 52 12 17 16 76 92 33 54 88 79 58 56 77 98 69 96 60 30 70
2 44 35 88 29 21 57 10 14 49 91 24 51 28 75 67 84 17 54 13 61 0 32 31 53 6 52 97 20 71 11 55 72 45 46 12 8 1 79 94 36 39 95 77 27 48 76 90 83 98 73 78 80 64 68 22 69 38 62 18 9 59 50 82 85 26 96 41 63 66 92 16 15 25 40 74 60 23 89 19 93 70 86 30 5 65 81 99 47 42 7 58 34 37 87
97 22 78 66 90 94 34 38 80 26 99 57 86 82 25 49 58 95 47 24 45 71 39 72 11 32 13 91 33 7 69 15 27 46 88 60 4 30 14 56 1 44 52 20 75 93 61 98 9 67 63 23 74 68 41 64 83 48 8 12 6 42 87 85 76 84 92 53 16 59 21 18 2 10 70 29 51 96 62
21 81 93 90 64 69 24 56 22 77 71 76 18 53 68 99 36 10 39 14 17 29 40 91 9 33 28 15 95 66 58 75 34 12 97 49 60 19 5 25 84 72 89 54
13 80 16 98 95 58 79 5 85 83 23 38 11 69 28 32 53 41 90 49 15 68 26 24 9 51 92 65 60 8 29 63 96 2 12 62 21 4 3 71 0 87 46 55 78 77 59 18 70 66 67 64 72 73 50 76 84 89 45 40 52 48 31 14 6 81 27 43 37 88 75 86 42 20 10
41 76 65 80 49 46 68 98 30 52 33 60 22 54 42 38 89 79 32 87 93 19 77 53 81 24 92 15 75 27 16 50 13 36 64 71 72 90 6 61 78 48 84 35 9 58 70 91 88 14 39 4 11 29 20 47 1 25 73 96 85 5 63 26 97 56 7 3 94 86 66 59 69 67 21 2 18 43 99 74 37 23 95 12 34 28 17 44 62 55 0 40 57
0 15 88 71 10 31 21 46 30 32 65 75 33 47 52 43 61 56 90 38 41 48 67 11 95 83 63 64 34 78 27 13 59 1 77 58 16 4 70 73 37 22 39 8 74 14 7 85 17 54 76 55 45 96
59 49 26 71 65 53 23 80 79 72 87 36 97 48 37 99 64 43 51 88 81 1 17 19 54 82 3 73 45 33 42 12 13 57 93 18 35 66 39 90 29 67 86 4 84 44 60 30 94 61 24 75 70 68 28 34 32 5 21 9 95 76 15 6 25 11 58 78 38 83 27 63 31 85 41 22 14 92 98 7 91 55 52
7 35 84 18 64 53 54 78 22 59 41 5 1 50 94 97 77 66 2 16 62 32 13 99 83 24 20 96 89 75 29 70 51 74 79 9 86 81 58 40 6 98 90 28 43 48 67 95 15 23 46 14 65 30 4 72 63 92 38 69 93 49 88 8 80 36 91 47 85 68 44 60 21 56 31 10 3 55 61 45 57 87 34 27 82 39 17 73 19 25 42 0 37 71 33
82 21 67 43 86 28 25 62 68 1 78 29 54 76 0 22

20 72 63 31 34 38 27 17 92 7 3 42 71 28 45 88 4 93 23 37 52 49 41 50 61 67 58 60 26 96 51 16 95 81 89 24 66 77 97 9 18 32 70 82 99 22 80 33 75 86 25
79 48 77
18
82 70 97 22 18 84 21 81 95 80 90 76 61 16 35 59 64 29 2 65 0 26 83 79 41 25 77 39 12 45 87 31 43 46 1 88
77 82 23 21 30 71 64 83 94 46 81 91 85 57 22 61 69 88 2 62 32 58 27 73 17 65 41 10 74 6 97 92 96 42 67 34 84 35 79 14 70 36 49 20 5 55 38 53 16 90 56 19 33 0 47 78 11 28 63 7 80 54 13 72
27 8 44 26 29 90 81 99 92 82 5 97 69 14 74 93 83 35 34 48 16 15 46 36 3 64 62 75 71 77 60 28 55 89 20 25 10 53 84 88 54 37 40 87 9 12 67 80 7
66 22 94 73 9 42 88 19 57 26 15 21 35 16 6 68 83 58 48 0 36 14 80 93 81 99 53 5 38 75 70 44 64 86 79 77 18 63 10 4 47 89 92 41 69 39 46 67 78 50 95 97 37 51 65 98 85 54 32 49 31 43 17 3 96 52 12 59 61 33 27 91 11 8 56 55 1 40 84 28 25 90 82 2 72 29 7 87 13 34
54 0
82 23 86 90 56 26 52 85 72 36 25 58 51 37 93 62 21 30 83 96 43 4 68 76 45 27 84 38 32 59 66 70 8 44 13 24 74 17 77 39 33 12 78 60 18 94 15 3 53 31 9 20 16 89 1 5 47 6 55 91 50 46 61 99 81 14 69 48 34 79 0 41 57 97 65 2 95 35 40 71 73 64 11 75 49 67 7 63
40 27 25 18 68 56 86 50 33 14 49 99 22 92 52 28 95 78 54 75 47 65 1 16 35 84 11 80 2 43 59 9 87 74 44 38 37 90 32 5 88 51 19 93 26 57 77 85 89 3 58 39 91 4 53 46 42 98 10 67 24 73 55 94 61 13 60 76 71 0 83 45 96 63 81 17 64 29 36 7 48 72 34 97 6 70 41 69 8 21 15 12 30 66
33 17 74 90 35 86 51 10 62 72 1 13 85 73 54 77 31 65 47 93 14 56 60 42 84 40 46 22 83 88 58 39 30 18 76 68 0 59 98 36 8 64 32 63 7 21 48 52 43 44 20 3 70 27 6 89 71 78 79 67 49 82 19 37 99 28 25 38 69 80 5 75 16 9 15 91 95 57 29 97 50 11 26
57 47 59 50 10 76 21 14 4 34 67 72 2 55 85 33 64 93 88 63 53 74 98 92 41 86 19 45 11 60 54 90 51 39 99 43 44 96 12 22 83 97 61 31 58 49 28 13 73 82 1 18 77 36 17 35 68 26 95 56 29 23 0 40
2 22 15 69 36 28 43 29 49 5 47 65 24 33 61 58 55 51 90 17 59 89 95 54 73 11 27 23 21 88 30 40 35 45 38 87 62 52 96
11 79 44 31 74 5 7 30 66 24 39 9 73 60 65 67 41 87 72 97 26 25 51 76 52 53 40 88 14 34 28 22 35 3 84 81 64 96 20 80 8 83 94 92 69 36 54 13 45 77 70 17 4 2 1 18 15 71 19 29 57 43 10 55
50 9 65 75 77 36 79 70 63 92 95 72 45 31 84 30 44 78 32 94 5 97 81 0 19 35 55 89 98 86
24 44 41 11 64 39 50 25 94 16 32 84 55 31 57 30 52 10 86 60 27 87 63 80 54 3 71 99 81 61 18 36 34 42 78 35 83 15 2 38 88 26 19 95 46 13 85 45 75 93 58 68 37 89 62 5 14 0 47 33 82 21 43 67
27 78 20 11 68 1 53 6 5 46 38 56
7 28 13 53 54 57 15 48 43 46 75 68 76 52 32 81 1 55 84 51 26 69 70 60 45

89 68 22 5 61 51 83 16 44 18 56 7 9 94 65 36 80 70 82 91 25 6 35 95 85 97 81 26 66 24 57 29 92 47 52 41 19 21 48 79 27 14 12 49 39 75 4 46 15 37
24 4 2 1 25 6 57 9 48 11 70 8 54 43 52 81 77 35 41 80 93 15 51 38 26 23 29 46 0 18 45 14 12 44 7 60 17 90 85 71 32 97 49 22 99 33 53 67 65 92
13 30 41 44 0 55 19 8 93 28 49 61 88 43 99 84 14 63 23 2 7 74 25 33 94 65 62 78 77 22 69 34 11 26 12 31 20 71 66 96 4 3 95 67 60 80 16 81 89 79 52 48 70 18 92 9 54 64 73 37 21 47 27 50 36 45 29 58 1 53 90 15 83 56 59 91 42 40 97 76 17 10
96 40 22 97 60 18 14 79 24 23 30 32 5 71 72 46 98 11 73 53 42 12 29 77 70 1 78 90 82 52 47 37 55 50 87 21 86 89 99 26 94 88 15 64 43 51 56 2 20 75 34 10 16 19 59 27 44 65 28 66 49 45 38 69 54 6 33 35 68
50 59 77 69 84 88 83 58 8 32 20 29 95 5 26 85 54 94 27 90 39 89 25 23 35 12 86 48
59 83 98 94 44 60 66 88 27 92 97 54 6 90 47 33 56 61 70 28 18 2 3 67
65 64 22 67 44 31 32 41 98 45 87 10 89 80 81 74 86 17 97 34 57 25 18 77 1 54 5 52 19 50 93 63 35 75 33 82 72 69 27 71 78 68 9 14 85 66 16 38 62 96 88 6 40 8 28 0 95 92 47 29 49 94 48 7 3 53 20 73 30 21 11 13 99 70 15 76 23 46 51 12 60 56 79 42 61 55 59 37 58 43 91 90 24 83 2 4 36 26
9 30 70 5 91 92 39 62 32 49 8 25 51 78 45 52 37 34 15 12 79 55 68 89 3 43 35 20 48 47 87 24 95 84 94 10 61 17 19 21 83 42 88 36 13 29 74 80 6 69 96 7 82 99 63 93 76 86 22 16 38 18 41 14 66 4 54 71 31 72 59 77
28 83 11 78 3 40 86 24 72 50 27 98 53 58 81 46 51 21 42 23 65 88 94 84 95 55 10 39 32 6 63 69 44 97 76 4 19 30 13 26 22 31 96 61 12 48 20 77 73 74 25 1 8 34 33 17 35 5 14 79 87 37 43 49 80 66 57 92 15 64 89 0 52 75 99 38 82 93 90 68 16 56 2 71 67
74 64 99 28 31 49 50 6 17 29 10 63 89 51 36 48 11 78 65 3 93 24 58 2 55 79 92 45 13 16 15 18 1 9 73 53 8 94 72 90 88 82 0 66 12 39 69
88 90 92 99 6 83 80 66 3 95 49 70 14 89 61 93
62 90 22 45 58 82 11 49 14 67 33 18 28 29 66 57 75 39 9 30 94 72 46 87 20 69 85 42 8 25 64 98 52 35 4 0 80 6 97 32 93 61 24 83 92 76 12 81 41 55 89 36 15 16 37 5 63 48 88 27 65 71 73 56 19 50 91 7 70 21 59 40 78 53 10 77 1 38 84 43 60 86 68 96 3 2 51 34 99 31 47 74 54 23 95
72 19 30 95 4 58 61 28 70 5 85 37 14 64 87 83 84 10 81 8 48 39 24 21 54 3 65 52 7 68 91 86 11 73 90 20 29 57 96 36 34 16 66 35 89 93 49 12 92 26 55 27 40 42 17 47 32 75 88 44 78 98 62 63 79 46 15 77 82 23 97
31 27 99 87 93 95 57 22 34 4 9 55 72 83 21 39 15 25 65 71
69 5 27 13 20 38 96 98 0 83
91 18 67 1 25 3 81 11 52 73 75 82 72 92 49 32 76 78 63 2 28 74 88 10 70 35 95 15 54 33 6 29 86 79
2 54 68 38 27 21 50 87 8 31 23 48 82 89 63 13 77 91 85 36 66 69 37 71
17 24 8 9 49 88 44 85 26 47 7 40 15 93 34 72 48 96 11 99 35 68 87 20 86 1 18 75 16 58 4 14 65 3 92 41 57 23 37 56 46 0 78 77 22 39 84 52 19 83 42 33 67 64 98 29 36 54 70 45 43 32 28 55 89 12 31 5 63 10 79 80 21 76 97 30 38 90 66 91 6 27 13 51 60 62 69 53 59 81 82 2 61
33 58 67 12 36 10 41 78 64 1 63 38 49 96 61 23 87 11 77 99 16 52 93 97 62 21 91 68 94 29 14 50 25 48 85 20 83 26 88
55 80 34 25 21 33 63 79 2 42 57 40 59 37 28 75 15 16 29 95 67 71 56 27 61 66 49 36 73 46 8 58 7 70 23 92 19 39 0 68 9 50 5 45 41 90 31 47 86 62 88 83 77 11 53 20 30 32 87 64 74 89 4 76 14 51 85 91 35 99 38 93 72
89 25 11 98 46 27 1 63 67 30 28 42 81 61 92 48 0 72 73 51 95 66 77 4 68 79 16 64 15 56 32 33 40 65 70 44 52 20 50 7 39 76 22 8 37 31 83 5 74 99 62 3 78
10 7 79 1 37 65 66 87 99 74 26 46 16 2 44 57 81 84 97 92 29 27 19 5 71 48 61 25 75
96 90 84 25 31 89 21 67 91 23 80 99 54 60 16 27 14 35 47 78 57 26 20 30 50 34 74 3 15 45 13 79 52 10 94 65 41 29 8 36 7 11
82 84 4 78 5 59 83 36 42 89 21 35 93 31 48 26 32 95 52 18 9 85 57 60 72 10 12 15 81 63 74 53 28 19 46 45 0 94 22 51 69 70 90 88 16 80 47 43 2 14 1 64 50 96 20 71 27 13 65
34 23 43 29 98 8 67 88 77 65 0 45 75 6 5 56 70 55 97 46 40 28 58 87
85 65 25 92 74
7 79 21 67 49 71 0 6 25 78
7 98 19 44 90 3 85 2 39 52 49 17 4 33 36 86 29 28 26 27 10 21 58 13 88 0 79 5 30 84 46 80 31 9 87 97 37 93 68 75 71
90 4 1 45 71 91 15 75 59 58 76 69 34 42 5 98 16 28 46 96 36 27 92 56 19 60 25 64 93 21 33 24 53 43 8 82 99 54
14 46 95 36 45 39 16 73 26 68 18 57 6 91 50 4 87 78 53 90 3 67 12 9 48 23 27 93 74 99 43 15 24 30 63 51 98 0 22 42 97 37 21 20 85 77 81 59 17 69 34 47 79 8 49 56 10 55 71 80 58 54
97 0 6 57 66 42 96 55 75 56 88 22 84 74 44 67 89 11 9 32 34 28 41 79 95 98 14 99 69 90 68 92 85 86 23 54
47 76 44 49 82 86 46 28 26 5 56 12 3 69 98 51 81 23 6 50 45 92 62 96 84 70 90 31 37 14 59 52 71 48 39 10 15 34 22 7 94 91 53 66 17 78 99 54 41 36
19 27 97 5 59
96 54 89 92 85 58 90 35 34 56 82 0 16 17 57 36 98 1 9 70 6 59 79 62 7 67 64 55 68 88 97 4 48 30 61 29 11 21 49 14 65 80 44 39 95 99 84 63 20
61 4 30 17 68 54 75 77 32 5 84 9 16 55 69 14 34 19 23 42 49 1 96 91 99 50 63 28 76 71 85 73 93 0 21 53 58 78 45 92 35 74 31 2 87 6 64 51 36 12 82 57
25 88 92 70 54 43 67 7 75 28 66 13 86 50 36 16 49 61 47 99 62 96 20 51 73 71 6 34 14 0 82 27 31 18 38 78 22 15 10 11 55 30 64 24 32 77 29 56 52 95 63 81 4 21 46 91 76 19 80 85 48
68 70 14 43 26 72 23 15 25 61 88 82 67 73 87 85 37 17 54 89 12 64 33 63 47 41 2 28 38 7 30 3 16 79 44 20 29 57 62 56 81 77 80 22 1 0 24 83 45 94 90 99 74 52 84 9 97 66 60 65 21 4 35 5 78 86 50 91 39 27 98 49 36 53 11 10 96 58 76 75 51 6 13 32 40 42
25 36 99 71 10 48 65 68 73 74 76 54 16 88 85 27 57 90 38 18 52 1 20 64 61 8 30 39 11 53 45 5 55 59
87 28 9 20 4 19 82 65 72 99 12 11 15 31 70 77 23 58 94 44 73 79 50 35 2 42 10 61 32 75 24 30 76 5 69 57 6 51 33 63 97 29 16 96 53 60 80 90 41 68 3 0 36 95 86 48 25 54 49 26 85 1 7 40 46 13 38 47 64 91 18 59 14 34
30 68 24 0 51 65 4 22 50 19
69 5 36 61 96 10 40
85 84 73 24 40 90 6 42 75 25 12 38 54 7 44 1 89 97 50 88 3 45 0
25 51 94 74 44 22 34 53 19 81 4 72 16 84 83 21 28 93 5
94 92 38 18 66 74 6 30 12 46 93 34 17 95 91 87 61 59 78 7 82 9 86 5 28 16 39 21 37 3 4 13 44 51 23 88 48 11 56 19 99 89 0 68 64 69 98 25 72 55 62 43 80 97 40 71 67 31
99 50 85 4 9 23 87 48 31 33 88 94 46 5 54 28 26 45 37 82 91 57 98 59 35 52 43 1 96 60 73 42 93 11 34 78 25 8 95 13 30 53 3 62 49 80 72 6 40 83 44 47 67 19 17 39 12 58 90 81 10 84 51 38 7 76 2 97 18 89 41 65 79 55 0 71 29 24 69 74
8 21 91 47 42 36 90 56
41 34 18 27 9 57 85 67 11 39 4 46 98 16 54
94 84 67 60 97 33 18 15 31 49 12 87 92 1 40 98 37 88 10 96 35 3 61 55 16 64 26 47
63 32 62 94 61 57 73 0 19 20 49 26 11 10 99 29 22 35 66 97 55 72 31
5 40 96 10 48 61 37 87 13 57 92 6 1 55 39 11 81 25 79 54 2
13 37 29 96 72 62 46 45 14 69 67 51 8 93 34 70 63
40 38 90 15 64 82 31 17 16 27 83 29 33 77 81 86 88 99 12 30 9 85 26 48 32 39 28 2 41 71 10 60 98 70 97 93 58 35 69 49 50 78 43 20 56 72 67 79 24 66 1 75 46 4 0 52 23 51 62 87 5 55 91 57 7 25 96 76 73 59 53 80 95 45 89 19 3 21 22 94 37 47 36 54 6 18 61
92 42 99 51 61 90 97 79 82 35 46 5 39 93 28 34 30 4 54 89 45 73 66 31 50 63 15 44 64 91 68 80 74 70 17 65 69 59 38 2 78 83 58 71 72 20 12 60 84 96 7 0 22 13 26 18
65 98 92 13 45 97 7 54 24 17 91 88 89 75 18 57 78 81
0 89 47 85 69 35 16 23 45 46 15 3 22 42 60 76 41 91 77 65 90 31 59 40 28 64 88 94 70 38 10 79 74 21 93 20 24 75 44 34 26 83 54 56 8 97 86 1 95 4 2 11 9 27 7 17 36
65 8 41 25 31 90 28 50 97 93 57 82 37 71 23 66 84 47 38 1 36 17 61 42
55 0 30 93 1 37 2 44 29 85 86 76 80 18 3 71 11 70 24 25 90 48 75 97 19 10 82 5 73 99 49 40 98 88 20 21 56 67 60 8 77 36 50 61 33 6 15 46 22 74 4 13 54 87 39 69 9 81 65 64 57 78 91 62 45 66 53 14 27 58 52 51 31 42 32 84 59 96 16 63 26 68 28
54 30 53 70 41 98 5 77 68 59 26 29 39 11 52 49 66 63 9 86 97 99 74 25 7 18 65 37 60 64 34 85 36 10 67 45 44 55 95 6 80 91 43 73 51 32 22 13 71 48 47 78 89 12 2 61 46 69 19 31 92 15 58 8 79 27 76 84 16
55 60 38 9 79 88 25 71 93 73 51 7 23 82 24 72 30 13 6 44 21 80 52 68 28 67 17 97 53 19 95 34 50 84 96 99 81 14 74 10 11 4 29 85 63 40 75
20 43 13 70 94 6 65 72 12 87 9 84 30 66 49 75 90 2 78 28 8 27 25 80 37 24 85 60 10 51 91 26 74 40 45 41 83 39 3 56 15 67 71 33 23 81 59 79 47 18 97 35 57 14 63
39 84 53 41 20 15
31 61 79 10 32 60
11 43 60 61 57 34 4 79 88 21 72 25 64 69 91 13 9 98 31 65 16 56 5 18 32 93 33 63 54 0 84 96 66 94 47 41 80 50 3 71 17 70 19 30
1 31 41 40 60 39 13 49 86 92 88 15 45 64 76 90 62 67 35 54 26 97 11 3 25 14 7 85 48 72 4 84 75 55 95 17 57 56 91 61 12 32 73 69 50 46 58 24 53 78 36 93 47 74 83 34 98 29 43 81 9 19 70 18 8 37 33 79 66 71 82 68 52 80 28 44 99 38 87 22 94 30 5 65 27 42 77 59 89 2 23
66 25 18 45 83 69 96 74 44 52 73 28 76 35 70 0 19 7 5 42 82 61 46 36 26 1 94 95
69 45 80 95 33 31 54 12 10 29 64 57 43 89 36 40 0 60 75 53 1 46 67 13
11 95 73 16 17 51 46 32 83 20 96 66 44 30 47 91 70 60 76 48 18 97 63 89 58 57 68 59 23 8 43 27 22 53 33 4 61 56 24 14 28 88 74 37 62 55 72 65 52 35 69 78 21 54 87 26 64 5 75 82 50 71 0 94 15 6 34 98 40 36 84 45 41 13 1 86 38 93 2 79 80 25 12 85 19 90 10 9 29 31
